9
0.0 0 0
0.0 0 1
0.0 1 0
0.0 1 1
1.0 0 0
1.0 0 1
1.0 1 0
1.0 1 1
-1 0.000 0.000
0.244 -396.078 -113.247
0.263 -396.078 376.318
2.669 -396.078 -167.848
1.256 -396.078 -189.943
2.943 -396.078 319.156
2.173 -396.078 -334.203
2.622 -396.078 91.272
2.287 -396.078 -200.419
1.259 -396.078 -137.397
1.304 -396.078 367.946
1.829 -396.078 -230.706
3.64 -396.078 4.391
1.066 -396.078 -153.536
1.13 -396.078 184.19
0.178 -396.078 -151.225
2.653 -396.078 446.586
0.791 -396.078 124.338
0.62 -396.078 -1.408
3.07 -396.078 -326.688
2.533 -396.078 -302.478
-1 0.000 0.000
2.002 131.942 -332.612
1.296 -45.658 -332.612
1.102 -260.865 -332.612
0.057 -337.236 -332.612
0.14 -57.848 -332.612
2.053 194.937 -332.612
1.832 252.771 -332.612
0.244 -50.553 -332.612
3.739 -262.72 -332.612
0.784 427.014 -332.612
2.648 -273.095 -332.612
0.741 -318.514 -332.612
1.684 31.605 -332.612
1.195 359.583 -332.612
1.856 -371.248 -332.612
0.168 -250.213 -332.612
2.32 -190.177 -332.612
1.839 -321.871 -332.612
2.57 -158.198 -332.612
3.264 290.518 -332.612
-1 0.000 0.000
1.606 336.748 370.243
1.606 224.765 -422.936
1.606 6.198 372.55
1.606 229.617 95.882
1.606 388.335 5.949
1.606 443.759 168.693
1.606 -35.402 -221.419
1.606 -142.934 -124.691
1.606 -112.889 -35.444
1.606 -112.878 -183.64
1.606 74.407 -33.406
1.606 165.076 58.375
1.606 147.125 405.448
1.606 -39.962 383.298
1.606 442.137 -8.267
1.606 -312.797 329.085
1.606 -148.751 -135.109
1.606 182.695 -423.172
1.606 -194.827 44.989
1.606 -266.542 60.217
-1 0.000 0.000
0.865 347.735 335.098
0.507 347.735 335.098
2.207 347.735 335.098
0.714 347.735 335.098
1.648 347.735 335.098
0.403 347.735 335.098
1.449 347.735 335.098
1.301 347.735 335.098
0.321 347.735 335.098
0.873 347.735 335.098
1.292 347.735 335.098
1.348 347.735 335.098
0.098 347.735 335.098
0.042 347.735 335.098
0.513 347.735 335.098
0.869 347.735 335.098
4.111 347.735 335.098
0.634 347.735 335.098
3.619 347.735 335.098
4.001 347.735 335.098
-1 0.000 0.000
0.495 -259.008 131.763
0.495 -307.158 131.763
0.495 -220.519 131.763
0.495 13.561 131.763
0.495 -401.2 131.763
0.495 317.22 131.763
0.495 -281.09 131.763
0.495 -280.076 131.763
0.495 -274.728 131.763
0.495 79.89 131.763
0.495 -166.209 131.763
0.495 161.0 131.763
0.495 319.082 131.763
0.495 -304.229 131.763
0.495 200.191 131.763
0.495 -106.401 131.763
0.495 250.879 131.763
0.495 202.467 131.763
0.495 405.27 131.763
0.495 183.349 131.763
-1 0.000 0.000
0.39 -86.908 143.876
0.39 -86.908 448.066
0.39 -86.908 142.935
0.39 -86.908 107.213
0.39 -86.908 314.921
0.39 -86.908 353.448
0.39 -86.908 -350.594
0.39 -86.908 -231.917
0.39 -86.908 374.844
0.39 -86.908 114.593
0.39 -86.908 28.29
0.39 -86.908 400.91
0.39 -86.908 373.168
0.39 -86.908 -45.003
0.39 -86.908 60.513
0.39 -86.908 -255.671
0.39 -86.908 -27.34
0.39 -86.908 187.677
0.39 -86.908 -146.921
0.39 -86.908 -102.841
-1 0.000 0.000
-1 0.000 0.000
2.919 -303.812 217.989
0.799 311.851 423.332
1.758 -175.766 308.129
2.023 -39.893 -25.61
0.365 -341.171 -118.4
1.69 403.46 -54.729
0.893 -264.738 124.867
0.653 -263.315 240.266
2.206 53.916 -116.786
0.0 32.666 -397.295
-1 0.000 0.000
