6
4 4
2 0 0 0
0 1 1 0
0 0 0 0
0 0 0 3
10 10
0 0 0 0 0 0 0 0 0 0
0 2 0 0 0 0 0 0 0 0
0 0 0 0 0 0 0 0 0 0
0 0 0 1 1 1 1 1 1 0
0 0 0 1 1 1 1 0 0 0
0 0 0 1 1 1 1 0 0 0
0 0 0 0 0 1 1 0 0 0
0 1 1 1 0 0 0 0 0 0
0 1 1 1 0 0 0 0 3 0
0 0 0 0 0 0 0 0 0 0
4 4
2 1 1 1
1 0 1 1
1 1 0 1
1 1 1 3
4 4
2 3 0 0
0 1 1 0
0 0 0 0
1 0 0 1
20 10
0 0 0 0 0 0 0 0 0 0
0 2 0 0 0 0 0 0 0 0
0 0 0 0 0 0 0 0 0 0
0 0 0 1 1 1 1 1 1 0
0 0 0 1 1 1 1 0 0 0
0 0 0 1 1 1 1 0 0 0
0 0 0 0 0 1 1 0 0 0
1 1 1 1 0 0 0 0 0 0
0 1 1 1 0 0 0 0 1 0
0 0 0 0 0 1 0 0 0 0
0 0 0 0 0 1 1 0 0 0
0 1 0 0 0 0 1 0 0 0
1 0 0 0 0 0 0 0 0 0
1 0 0 1 1 1 1 1 1 0
0 0 0 1 1 1 1 0 0 0
0 1 1 1 1 1 1 0 0 0
0 0 0 0 3 1 1 0 0 0
0 1 1 1 0 0 0 0 0 0
0 1 1 1 0 0 0 0 1 0
0 0 0 0 0 0 0 0 0 0
10 20
1 0 0 0 0 1 0 0 0 1 0 0 0 1 1 1 1 1 0 1
0 0 0 0 0 0 0 0 0 0 0 0 0 1 0 1 1 1 1 0
1 0 0 0 0 0 0 0 0 0 1 0 0 1 1 1 0 1 1 0
2 0 0 1 0 1 1 1 1 0 0 0 0 1 1 1 1 1 0 1
0 1 0 0 1 0 1 0 0 1 0 0 0 1 0 1 1 1 1 1
0 0 0 1 1 1 1 0 0 0 1 0 0 1 1 1 1 1 1 0
1 0 1 0 0 1 1 0 0 0 0 0 0 1 1 0 0 1 1 0
0 1 1 1 0 0 0 0 0 0 1 0 0 0 0 1 1 1 1 0
0 1 1 1 0 0 0 0 1 1 0 0 0 1 0 1 1 1 0 1
1 0 0 0 0 0 0 0 0 0 1 0 0 1 0 0 3 1 1 0
